Pairwise average distance: 8.00403696410259
[[0.         8.26458906 7.52199988 ... 8.14751492 8.11534407 8.61074536]
 [8.26458906 0.         8.05033225 ... 7.81612335 7.93459449 7.97394882]
 [7.52199988 8.05033225 0.         ... 7.77907242 8.11671875 7.85596689]
 ...
 [8.14751492 7.81612335 7.77907242 ... 0.         8.10585969 7.94500967]
 [8.11534407 7.93459449 8.11671875 ... 8.10585969 0.         7.8243215 ]
 [8.61074536 7.97394882 7.85596689 ... 7.94500967 7.8243215  0.        ]]
